03, 1, 4, 4, 7, 5, 5, 6
03, 3, 7, 5, 7, 7, 8, 6
03, 6, 7, 7, 4, 8, 5, 6
03, 9, 7, 7, 2, 7, 7, 6
03, 12, 7, 7, 2, 7, 8, 6
03, 15, 7, 8, 2, 7, 7, 6
07, 1, 4, 4, 8, 5, 2, 7
07, 3, 6, 6, 3, 7, 5, 7
07, 6, 7, 7, 2, 7, 3, 7
07, 9, 8, 8, 2, 7, 2, 7
07, 12, 8, 7, 2, 7, 3, 7
07, 15, 8, 8, 1, 8, 2, 7
08, 1, 1, 1, 9, 4, 7, 6
08, 3, 3, 3, 7, 5, 7, 6
08, 6, 3, 3, 7, 8, 8, 6
08, 9, 7, 7, 6, 6, 6, 6
08, 12, 7, 7, 3, 7, 6, 6
08, 15, 8, 8, 3, 7, 7, 6
10, 1, 2, 2, 9, 2, 2, 4
10, 3, 5, 4, 8, 7, 1, 4
10, 6, 7, 7, 3, 7, 7, 4
10, 9, 7, 7, 2, 8, 2, 4
10, 12, 6, 6, 1, 7, 3, 4
10, 15, 8, 8, 1, 7, 2, 4
05, 1, 2, 1, 9, 3, 6, 8
05, 3, 6, 6, 6, 7, 5, 8
05, 6, 7, 7, 4, 7, 4, 8
05, 9, 8, 8, 1, 8, 2, 8
05, 12, 8, 7, 1, 7, 4, 8
05, 15, 7, 7, 2, 8, 7, 8
09, 1, 6, 4, 6, 6, 3, 7
09, 3, 8, 8, 3, 8, 2, 7
09, 6, 8, 8, 2, 8, 2, 7
09, 9, 9, 9, 1, 8, 2, 7
09, 12, 9, 9, 1, 8, 4, 7
09, 15, 8, 9, 2, 8, 2, 7
