03, 1, 1, 1, 9, 2, 1, 5
03, 3, 3, 3, 8, 6, 1, 5
03, 6, 4, 4, 8, 5, 1, 5
03, 9, 5, 4, 8, 6, 1, 5
03, 12, 5, 4, 5, 4, 1, 5
03, 15, 5, 4, 6, 5, 1, 5
07, 1, 1, 1, 9, 1, 1, 5
07, 3, 5, 5, 4, 6, 1, 5
07, 6, 5, 5, 3, 7, 1, 5
07, 9, 5, 4, 2, 5, 1, 5
07, 12, 4, 4, 3, 6, 1, 5
07, 15, 4, 3, 6, 5, 1, 5
08, 1, 1, 1, 9, 1, 1, 5
08, 3, 1, 1, 9, 2, 1, 5
08, 6, 3, 3, 8, 5, 1, 5
08, 9, 4, 3, 8, 5, 1, 5
08, 12, 5, 5, 6, 6, 3, 5
08, 15, 5, 5, 7, 6, 1, 5
10, 1, 1, 1, 9, 1, 1, 6
10, 3, 2, 2, 9, 3, 1, 6
10, 6, 5, 4, 5, 5, 1, 6
10, 9, 5, 4, 5, 5, 1, 6
10, 12, 5, 4, 7, 6, 1, 6
10, 15, 5, 4, 1, 6, 1, 6
05, 1, 2, 2, 9, 3, 2, 6
05, 3, 3, 3, 8, 5, 1, 6
05, 6, 4, 4, 6, 4, 1, 6
05, 9, 5, 4, 3, 5, 1, 6
05, 12, 6, 6, 3, 6, 1, 6
05, 15, 6, 5, 2, 6, 1, 6
09, 1, 2, 2, 9, 1, 1, 5
09, 3, 5, 5, 3, 5, 1, 5
09, 6, 6, 5, 2, 6, 1, 5
09, 9, 7, 7, 2, 7, 1, 5
09, 12, 7, 7, 1, 7, 1, 5
09, 15, 7, 7, 3, 7, 1, 5
