03, 1, 3, 2, 8, 2, 2, 9
03, 3, 4, 3, 7, 6, 2, 9
03, 6, 5, 5, 6, 7, 3, 9
03, 9, 6, 6, 4, 7, 3, 9
03, 12, 7, 8, 3, 9, 2, 9
03, 15, 7, 7, 2, 8, 2, 9
07, 1, 1, 1, 9, 1, 1, 8
07, 3, 5, 5, 1, 7, 1, 8
07, 6, 6, 5, 1, 8, 1, 8
07, 9, 6, 7, 2, 7, 1, 8
07, 12, 9, 9, 1, 8, 1, 8
07, 15, 7, 7, 1, 8, 1, 8
08, 1, 1, 1, 9, 1, 2, 3
08, 3, 2, 1, 9, 3, 2, 3
08, 6, 4, 3, 7, 4, 3, 3
08, 9, 5, 5, 4, 6, 5, 3
08, 12, 5, 7, 2, 8, 5, 3
08, 15, 6, 6, 3, 7, 5, 3
10, 1, 2, 2, 6, 2, 2, 6
10, 3, 4, 4, 7, 4, 2, 6
10, 6, 6, 6, 6, 7, 1, 6
10, 9, 7, 7, 1, 8, 1, 6
10, 12, 6, 5, 3, 3, 1, 6
10, 15, 7, 7, 1, 7, 1, 6
05, 1, 2, 2, 7, 2, 2, 8
05, 3, 6, 5, 8, 8, 2, 8
05, 6, 7, 7, 2, 8, 2, 8
05, 9, 5, 6, 2, 6, 3, 8
05, 12, 6, 5, 3, 6, 3, 8
05, 15, 8, 8, 1, 9, 2, 8
09, 1, 4, 3, 5, 4, 1, 9
09, 3, 5, 5, 2, 6, 1, 9
09, 6, 7, 7, 2, 7, 1, 9
09, 9, 7, 7, 1, 8, 1, 9
09, 12, 8, 8, 1, 8, 1, 9
09, 15, 7, 8, 1, 7, 1, 9
