03, 1, 1, 1, 9, 1, 2, 8
03, 3, 4, 4, 9, 2, 2, 8
03, 6, 5, 6, 6, 5, 1, 8
03, 9, 5, 4, 8, 4, 2, 8
03, 12, 7, 8, 6, 7, 2, 8
03, 15, 8, 9, 3, 7, 2, 8
07, 1, 1, 1, 9, 1, 1, 6
07, 3, 5, 5, 7, 4, 1, 6
07, 6, 7, 7, 2, 3, 2, 6
07, 9, 7, 7, 2, 6, 1, 6
07, 12, 6, 7, 2, 6, 1, 6
07, 15, 7, 7, 7, 7, 1, 6
08, 1, 1, 1, 9, 1, 3, 1
08, 3, 1, 1, 9, 1, 7, 1
08, 6, 4, 5, 4, 2, 4, 1
08, 9, 2, 4, 8, 2, 9, 1
08, 12, 5, 7, 6, 3, 4, 1
08, 15, 5, 8, 4, 5, 7, 1
10, 1, 2, 2, 9, 1, 1, 6
10, 3, 5, 4, 8, 2, 1, 6
10, 6, 5, 6, 7, 2, 1, 6
10, 9, 6, 7, 7, 3, 2, 6
10, 12, 7, 8, 3, 7, 1, 6
10, 15, 7, 8, 2, 7, 1, 6
05, 1, 2, 3, 9, 1, 1, 9
05, 3, 5, 5, 4, 1, 1, 9
05, 6, 5, 5, 7, 2, 2, 9
05, 9, 7, 7, 5, 7, 1, 9
05, 12, 7, 7, 4, 7, 1, 9
05, 15, 7, 7, 3, 5, 1, 9
09, 1, 1, 1, 9, 1, 2, 7
09, 3, 7, 8, 2, 6, 1, 7
09, 6, 8, 7, 3, 7, 1, 7
09, 9, 7, 8, 2, 4, 1, 7
09, 12, 6, 6, 2, 2, 2, 7
09, 15, 8, 9, 1, 8, 1, 7
