03, 1, 2, 2, 9, 1, 1, 7
03, 3, 6, 5, 7, 7, 1, 7
03, 6, 7, 6, 6, 4, 1, 7
03, 9, 7, 7, 6, 5, 1, 7
03, 12, 6, 5, 6, 3, 1, 7
03, 15, 8, 8, 2, 8, 1, 7
07, 1, 2, 3, 8, 1, 1, 5
07, 3, 6, 5, 5, 5, 1, 5
07, 6, 6, 4, 3, 8, 1, 5
07, 9, 7, 7, 2, 7, 1, 5
07, 12, 7, 7, 3, 6, 1, 5
07, 15, 8, 8, 2, 7, 1, 5
08, 1, 2, 2, 9, 2, 1, 4
08, 3, 1, 1, 9, 1, 1, 4
08, 6, 5, 5, 7, 4, 1, 4
08, 9, 6, 6, 7, 6, 1, 4
08, 12, 5, 5, 6, 5, 2, 4
08, 15, 7, 7, 3, 7, 1, 4
10, 1, 2, 2, 9, 1, 1, 6
10, 3, 5, 5, 8, 4, 1, 6
10, 6, 7, 7, 5, 6, 1, 6
10, 9, 7, 8, 2, 8, 1, 6
10, 12, 8, 8, 2, 8, 1, 6
10, 15, 8, 8, 2, 8, 1, 6
05, 1, 2, 1, 7, 1, 1, 7
05, 3, 4, 4, 8, 3, 1, 7
05, 6, 7, 7, 3, 6, 1, 7
05, 9, 7, 7, 3, 7, 1, 7
05, 12, 8, 8, 1, 8, 1, 7
05, 15, 8, 8, 2, 8, 1, 7
09, 1, 3, 3, 8, 1, 1, 7
09, 3, 7, 7, 3, 8, 1, 7
09, 6, 8, 9, 1, 8, 1, 7
09, 9, 8, 8, 1, 8, 1, 7
09, 12, 8, 8, 1, 8, 1, 7
09, 15, 7, 8, 1, 6, 1, 7
