03, 1, 3, 2, 8, 2, 5, 6
03, 3, 4, 4, 7, 3, 5, 6
03, 6, 6, 7, 6, 6, 5, 6
03, 9, 6, 6, 5, 6, 4, 6
03, 12, 7, 7, 4, 7, 3, 6
03, 15, 7, 6, 4, 7, 4, 6
07, 1, 3, 2, 8, 2, 4, 7
07, 3, 6, 6, 5, 5, 4, 7
07, 6, 7, 6, 3, 6, 3, 7
07, 9, 7, 6, 1, 7, 2, 7
07, 12, 7, 6, 4, 7, 3, 7
07, 15, 7, 7, 3, 7, 3, 7
08, 1, 2, 2, 8, 1, 4, 6
08, 3, 2, 1, 9, 2, 4, 6
08, 6, 4, 5, 7, 4, 4, 6
08, 9, 6, 6, 4, 5, 5, 6
08, 12, 6, 5, 4, 6, 3, 6
08, 15, 7, 7, 3, 6, 3, 6
10, 1, 2, 2, 8, 2, 3, 6
10, 3, 5, 5, 7, 4, 3, 6
10, 6, 5, 6, 4, 5, 3, 6
10, 9, 6, 7, 3, 6, 3, 6
10, 12, 7, 7, 3, 6, 2, 6
10, 15, 7, 7, 2, 7, 3, 6
05, 1, 3, 2, 8, 2, 4, 6
05, 3, 5, 5, 6, 4, 4, 6
05, 6, 6, 6, 5, 5, 3, 6
05, 9, 7, 7, 3, 7, 2, 6
05, 12, 7, 7, 3, 7, 3, 6
05, 15, 8, 7, 2, 8, 1, 6
09, 1, 4, 4, 8, 3, 2, 7
09, 3, 7, 7, 3, 7, 2, 7
09, 6, 7, 7, 3, 7, 2, 7
09, 9, 8, 7, 2, 7, 2, 7
09, 12, 8, 7, 2, 7, 2, 7
09, 15, 8, 7, 1, 8, 1, 7
