03, 1, 1, 1, 9, 1, 1, 3
03, 3, 3, 2, 9, 2, 2, 3
03, 6, 3, 3, 7, 2, 2, 3
03, 9, 4, 4, 7, 2, 2, 3
03, 12, 4, 5, 5, 3, 2, 3
03, 15, 5, 5, 5, 4, 2, 3
07, 1, 1, 1, 9, 1, 1, 3
07, 3, 3, 3, 4, 3, 1, 3
07, 6, 5, 5, 3, 3, 1, 3
07, 9, 5, 5, 3, 3, 1, 3
07, 12, 5, 5, 4, 4, 1, 3
07, 15, 5, 6, 3, 3, 1, 3
08, 1, 1, 1, 9, 1, 1, 2
08, 3, 1, 1, 9, 1, 2, 2
08, 6, 2, 2, 9, 1, 2, 2
08, 9, 3, 3, 7, 2, 2, 2
08, 12, 4, 3, 6, 2, 2, 2
08, 15, 4, 4, 4, 3, 2, 2
10, 1, 1, 1, 9, 1, 1, 3
10, 3, 3, 2, 7, 2, 1, 3
10, 6, 4, 4, 4, 3, 1, 3
10, 9, 6, 6, 2, 5, 1, 3
10, 12, 5, 6, 2, 3, 1, 3
10, 15, 6, 6, 1, 4, 1, 3
05, 1, 1, 1, 9, 1, 1, 6
05, 3, 3, 3, 8, 2, 2, 6
05, 6, 4, 4, 6, 3, 2, 6
05, 9, 5, 5, 4, 3, 2, 6
05, 12, 6, 5, 5, 4, 2, 6
05, 15, 6, 6, 2, 4, 2, 6
09, 1, 2, 2, 9, 1, 1, 7
09, 3, 4, 3, 5, 3, 1, 7
09, 6, 7, 6, 2, 6, 1, 7
09, 9, 7, 7, 1, 5, 1, 7
09, 12, 7, 7, 1, 5, 1, 7
09, 15, 7, 8, 1, 7, 1, 7
