03, 1, 5, 4, 7, 3, 6, 4
03, 3, 6, 4, 6, 6, 6, 4
03, 6, 5, 5, 6, 3, 8, 4
03, 9, 7, 6, 6, 8, 8, 4
03, 12, 6, 6, 4, 3, 8, 4
03, 15, 6, 6, 4, 4, 7, 4
07, 1, 5, 3, 8, 3, 3, 4
07, 3, 6, 6, 4, 4, 3, 4
07, 6, 7, 6, 4, 4, 3, 4
07, 9, 6, 6, 4, 4, 3, 4
07, 12, 7, 5, 4, 4, 3, 4
07, 15, 7, 6, 4, 4, 3, 4
08, 1, 5, 3, 7, 3, 7, 3
08, 3, 5, 3, 7, 3, 7, 3
08, 6, 5, 3, 7, 3, 7, 3
08, 9, 5, 5, 7, 3, 8, 3
08, 12, 6, 6, 5, 4, 6, 3
08, 15, 6, 6, 4, 4, 7, 3
10, 1, 4, 2, 8, 2, 3, 4
10, 3, 6, 4, 7, 5, 3, 4
10, 6, 6, 6, 4, 4, 3, 4
10, 9, 6, 4, 6, 4, 3, 4
10, 12, 7, 6, 6, 6, 3, 4
10, 15, 6, 5, 6, 4, 3, 4
05, 1, 5, 3, 7, 3, 3, 5
05, 3, 6, 4, 6, 3, 3, 5
05, 6, 6, 6, 4, 4, 3, 5
05, 9, 6, 6, 4, 4, 3, 5
05, 12, 4, 6, 3, 5, 7, 5
05, 15, 6, 4, 4, 5, 3, 5
09, 1, 5, 3, 7, 3, 3, 6
09, 3, 7, 6, 4, 6, 3, 6
09, 6, 6, 6, 3, 4, 3, 6
09, 9, 7, 6, 3, 6, 2, 6
09, 12, 7, 6, 3, 6, 3, 6
09, 15, 6, 6, 4, 4, 3, 6
