03, 1, 2, 2, 9, 1, 2, 7
03, 3, 3, 3, 7, 4, 3, 7
03, 6, 6, 6, 6, 7, 3, 7
03, 9, 6, 6, 6, 7, 3, 7
03, 12, 8, 8, 5, 8, 2, 7
03, 15, 8, 8, 3, 8, 2, 7
07, 1, 1, 1, 9, 1, 1, 7
07, 3, 7, 6, 7, 7, 2, 7
07, 6, 6, 7, 6, 7, 1, 7
07, 9, 7, 7, 3, 7, 1, 7
07, 12, 8, 8, 2, 8, 1, 7
07, 15, 7, 8, 1, 7, 1, 7
08, 1, 1, 1, 9, 1, 1, 2
08, 3, 2, 1, 9, 1, 3, 2
08, 6, 4, 4, 3, 4, 3, 2
08, 9, 6, 6, 5, 5, 2, 2
08, 12, 5, 5, 6, 6, 3, 2
08, 15, 7, 7, 4, 6, 4, 2
10, 1, 1, 1, 9, 1, 1, 3
10, 3, 4, 4, 6, 3, 2, 3
10, 6, 7, 7, 4, 7, 1, 3
10, 9, 7, 7, 3, 6, 1, 3
10, 12, 8, 8, 2, 8, 1, 3
10, 15, 8, 8, 1, 8, 1, 3
05, 1, 1, 1, 9, 7, 1, 6
05, 3, 5, 5, 7, 6, 2, 6
05, 6, 6, 6, 6, 7, 3, 6
05, 9, 8, 7, 2, 8, 1, 6
05, 12, 5, 6, 4, 7, 4, 6
05, 15, 8, 8, 2, 9, 1, 6
09, 1, 2, 2, 2, 3, 1, 4
09, 3, 7, 7, 3, 8, 2, 4
09, 6, 9, 9, 1, 9, 1, 4
09, 9, 8, 9, 2, 8, 1, 4
09, 12, 9, 9, 1, 9, 2, 4
09, 15, 9, 9, 1, 8, 1, 4
