03, 1, 4, 3, 7, 4, 4, 7
03, 3, 4, 3, 7, 6, 6, 7
03, 6, 5, 6, 6, 7, 5, 7
03, 9, 5, 4, 7, 6, 7, 7
03, 12, 7, 7, 6, 7, 5, 7
03, 15, 7, 5, 7, 7, 6, 7
07, 1, 2, 3, 8, 3, 4, 3
07, 3, 4, 3, 6, 4, 3, 3
07, 6, 5, 5, 5, 6, 3, 3
07, 9, 7, 6, 4, 6, 3, 3
07, 12, 6, 7, 5, 7, 2, 3
07, 15, 5, 4, 1, 7, 1, 3
08, 1, 3, 2, 8, 3, 4, 3
08, 3, 3, 2, 8, 3, 3, 3
08, 6, 4, 3, 8, 3, 6, 3
08, 9, 5, 3, 7, 6, 7, 3
08, 12, 6, 4, 6, 4, 3, 3
08, 15, 6, 7, 4, 6, 5, 3
10, 1, 2, 2, 8, 3, 3, 4
10, 3, 4, 3, 7, 4, 4, 4
10, 6, 4, 3, 7, 5, 2, 4
10, 9, 6, 6, 3, 4, 5, 4
10, 12, 6, 7, 5, 7, 4, 4
10, 15, 6, 5, 3, 4, 3, 4
05, 1, 3, 2, 8, 6, 5, 8
05, 3, 3, 3, 7, 3, 2, 8
05, 6, 4, 3, 6, 5, 4, 8
05, 9, 5, 4, 6, 5, 3, 8
05, 12, 6, 6, 6, 6, 3, 8
05, 15, 7, 7, 3, 8, 5, 8
09, 1, 3, 3, 8, 7, 1, 8
09, 3, 6, 5, 6, 6, 4, 8
09, 6, 7, 7, 3, 7, 4, 8
09, 9, 6, 7, 4, 6, 2, 8
09, 12, 7, 7, 3, 6, 3, 8
09, 15, 8, 8, 4, 7, 3, 8
