03, 1, 2, 2, 8, 3, 1, 8
03, 3, 3, 4, 7, 3, 1, 8
03, 6, 6, 6, 5, 7, 1, 8
03, 9, 5, 5, 4, 6, 1, 8
03, 12, 5, 5, 5, 5, 1, 8
03, 15, 6, 6, 2, 6, 1, 8
07, 1, 1, 1, 9, 1, 1, 5
07, 3, 4, 5, 6, 5, 1, 5
07, 6, 6, 5, 1, 5, 1, 5
07, 9, 6, 7, 1, 5, 1, 5
07, 12, 6, 6, 1, 6, 1, 5
07, 15, 6, 7, 1, 6, 1, 5
08, 1, 2, 2, 8, 2, 1, 7
08, 3, 3, 3, 8, 2, 1, 7
08, 6, 4, 4, 6, 4, 1, 7
08, 9, 5, 5, 6, 4, 1, 7
08, 12, 4, 4, 7, 4, 1, 7
08, 15, 6, 6, 5, 7, 1, 7
10, 1, 1, 1, 9, 1, 1, 5
10, 3, 3, 4, 6, 3, 1, 5
10, 6, 4, 5, 3, 4, 1, 5
10, 9, 4, 5, 2, 4, 1, 5
10, 12, 5, 6, 2, 5, 1, 5
10, 15, 5, 6, 3, 4, 1, 5
05, 1, 2, 2, 8, 2, 1, 8
05, 3, 4, 4, 6, 5, 1, 8
05, 6, 6, 6, 5, 5, 1, 8
05, 9, 5, 5, 3, 5, 1, 8
05, 12, 6, 6, 4, 7, 1, 8
05, 15, 6, 7, 2, 5, 1, 8
09, 1, 3, 2, 7, 4, 1, 8
09, 3, 5, 5, 4, 7, 1, 8
09, 6, 8, 8, 1, 8, 1, 8
09, 9, 8, 7, 1, 7, 1, 8
09, 12, 7, 8, 1, 6, 1, 8
09, 15, 8, 7, 2, 7, 1, 8
