03, 1, 2, 2, 9, 2, 4, 6
03, 3, 2, 2, 8, 4, 4, 6
03, 6, 4, 4, 6, 4, 4, 6
03, 9, 6, 6, 4, 4, 2, 6
03, 12, 6, 6, 6, 6, 6, 6
03, 15, 6, 6, 4, 6, 4, 6
07, 1, 2, 2, 9, 2, 2, 6
07, 3, 4, 4, 6, 4, 2, 6
07, 6, 4, 6, 2, 4, 2, 6
07, 9, 6, 6, 2, 6, 2, 6
07, 12, 4, 4, 2, 4, 2, 6
07, 15, 6, 6, 2, 6, 2, 6
08, 1, 2, 2, 9, 2, 4, 6
08, 3, 2, 2, 9, 2, 4, 6
08, 6, 4, 4, 6, 4, 6, 6
08, 9, 4, 6, 6, 4, 2, 6
08, 12, 4, 6, 6, 4, 6, 6
08, 15, 4, 4, 7, 6, 7, 6
10, 1, 2, 2, 9, 2, 2, 6
10, 3, 4, 4, 6, 4, 2, 6
10, 6, 6, 6, 4, 6, 2, 6
10, 9, 6, 6, 4, 6, 2, 6
10, 12, 4, 4, 6, 4, 2, 6
10, 15, 6, 6, 4, 6, 2, 6
05, 1, 2, 2, 9, 2, 2, 8
05, 3, 4, 4, 6, 4, 2, 8
05, 6, 4, 4, 4, 6, 2, 8
05, 9, 6, 6, 2, 6, 2, 8
05, 12, 6, 6, 2, 4, 2, 8
05, 15, 8, 6, 2, 8, 2, 8
09, 1, 2, 2, 9, 2, 2, 6
09, 3, 4, 4, 4, 4, 2, 6
09, 6, 8, 8, 2, 8, 1, 6
09, 9, 8, 8, 2, 8, 2, 6
09, 12, 6, 8, 2, 6, 2, 6
09, 15, 8, 8, 2, 8, 2, 6
