03, 1, 3, 3, 7, 2, 6, 8
03, 3, 3, 3, 8, 2, 5, 8
03, 6, 5, 5, 5, 7, 3, 8
03, 9, 7, 6, 4, 6, 3, 8
03, 12, 8, 7, 8, 8, 2, 8
03, 15, 8, 7, 2, 8, 3, 8
07, 1, 2, 1, 9, 2, 2, 8
07, 3, 6, 5, 5, 7, 2, 8
07, 6, 6, 6, 3, 7, 3, 8
07, 9, 8, 7, 2, 8, 2, 8
07, 12, 7, 6, 3, 7, 3, 8
07, 15, 6, 6, 3, 7, 3, 8
08, 1, 2, 2, 9, 1, 2, 6
08, 3, 4, 3, 7, 2, 5, 6
08, 6, 4, 4, 8, 3, 2, 6
08, 9, 6, 5, 6, 5, 5, 6
08, 12, 6, 7, 5, 6, 7, 6
08, 15, 6, 6, 3, 7, 6, 6
10, 1, 2, 2, 8, 2, 8, 7
10, 3, 4, 4, 4, 3, 6, 7
10, 6, 5, 5, 4, 5, 4, 7
10, 9, 7, 6, 3, 6, 3, 7
10, 12, 8, 6, 2, 7, 5, 7
10, 15, 6, 6, 4, 5, 4, 7
05, 1, 3, 3, 9, 1, 3, 7
05, 3, 3, 3, 8, 5, 5, 7
05, 6, 6, 5, 6, 4, 7, 7
05, 9, 6, 6, 6, 5, 4, 7
05, 12, 7, 6, 2, 7, 2, 7
05, 15, 6, 7, 5, 7, 6, 7
09, 1, 3, 3, 7, 2, 9, 8
09, 3, 8, 8, 2, 7, 1, 8
09, 6, 7, 7, 3, 7, 3, 8
09, 9, 9, 8, 1, 5, 7, 8
09, 12, 8, 7, 2, 8, 2, 8
09, 15, 8, 7, 3, 7, 2, 8
