03, 1, 5, 2, 9, 3, 4, 9
03, 3, 6, 3, 9, 5, 2, 9
03, 6, 7, 6, 6, 5, 4, 9
03, 9, 7, 7, 7, 7, 4, 9
03, 12, 8, 6, 6, 8, 4, 9
03, 15, 8, 6, 5, 7, 4, 9
07, 1, 2, 2, 9, 2, 1, 6
07, 3, 6, 6, 7, 5, 2, 6
07, 6, 7, 7, 4, 7, 1, 6
07, 9, 8, 8, 3, 7, 1, 6
07, 12, 9, 8, 2, 6, 2, 6
07, 15, 8, 8, 2, 8, 2, 6
08, 1, 4, 2, 9, 2, 3, 5
08, 3, 5, 2, 8, 5, 4, 5
08, 6, 4, 3, 8, 5, 4, 5
08, 9, 4, 5, 8, 7, 4, 5
08, 12, 6, 7, 4, 6, 5, 5
08, 15, 7, 8, 5, 7, 4, 5
10, 1, 4, 2, 9, 3, 3, 6
10, 3, 6, 4, 7, 5, 2, 6
10, 6, 8, 7, 4, 6, 2, 6
10, 9, 7, 7, 4, 6, 2, 6
10, 12, 9, 8, 2, 7, 2, 6
10, 15, 7, 8, 2, 7, 2, 6
05, 1, 4, 3, 8, 4, 2, 6
05, 3, 6, 5, 7, 4, 2, 6
05, 6, 6, 7, 7, 5, 1, 6
05, 9, 7, 6, 7, 6, 3, 6
05, 12, 7, 8, 2, 7, 2, 6
05, 15, 8, 8, 2, 8, 3, 6
09, 1, 3, 2, 9, 2, 1, 5
09, 3, 7, 7, 5, 7, 1, 5
09, 6, 9, 9, 1, 8, 1, 5
09, 9, 9, 8, 1, 8, 1, 5
09, 12, 9, 9, 1, 8, 1, 5
09, 15, 9, 9, 1, 8, 1, 5
