03, 1, 1, 1, 9, 1, 3, 2
03, 3, 3, 2, 9, 1, 3, 2
03, 6, 4, 6, 7, 3, 3, 2
03, 9, 7, 8, 2, 5, 3, 2
03, 12, 6, 7, 5, 3, 4, 2
03, 15, 6, 8, 6, 5, 5, 2
07, 1, 2, 2, 9, 1, 2, 5
07, 3, 6, 4, 2, 3, 1, 5
07, 6, 7, 7, 1, 7, 1, 5
07, 9, 6, 6, 2, 5, 1, 5
07, 12, 7, 7, 1, 6, 2, 5
07, 15, 6, 5, 4, 4, 1, 5
08, 1, 1, 1, 9, 1, 5, 1
08, 3, 1, 1, 9, 1, 3, 1
08, 6, 2, 2, 9, 1, 5, 1
08, 9, 3, 3, 8, 3, 4, 1
08, 12, 4, 6, 6, 1, 5, 1
08, 15, 3, 5, 7, 1, 3, 1
10, 1, 1, 1, 9, 1, 1, 4
10, 3, 2, 3, 9, 1, 1, 4
10, 6, 5, 5, 2, 6, 1, 4
10, 9, 6, 5, 3, 4, 1, 4
10, 12, 6, 6, 1, 4, 1, 4
10, 15, 7, 8, 1, 6, 1, 4
05, 1, 1, 1, 9, 1, 2, 3
05, 3, 4, 5, 7, 2, 3, 3
05, 6, 3, 5, 7, 4, 5, 3
05, 9, 7, 6, 1, 6, 2, 3
05, 12, 8, 8, 1, 8, 1, 3
05, 15, 6, 7, 1, 6, 5, 3
09, 1, 1, 1, 9, 1, 2, 9
09, 3, 7, 7, 1, 7, 1, 9
09, 6, 8, 7, 1, 7, 1, 9
09, 9, 8, 8, 1, 8, 1, 9
09, 12, 8, 8, 1, 7, 1, 9
09, 15, 8, 8, 1, 8, 1, 9
