03, 1, 0, 0, 0, 0, 0, 0
03, 3, 0, 0, 0, 0, 0, 0
03, 6, 0, 0, 0, 0, 0, 0
03, 9, 0, 0, 0, 0, 0, 0
03, 12, 0, 0, 0, 0, 0, 0
03, 15, 0, 0, 0, 0, 0, 0
07, 1, 0, 0, 0, 0, 0, 0
07, 3, 0, 0, 0, 0, 0, 0
07, 6, 0, 0, 0, 0, 0, 0
07, 9, 0, 0, 0, 0, 0, 0
07, 12, 0, 0, 0, 0, 0, 0
07, 15, 0, 0, 0, 0, 0, 0
08, 1, 0, 0, 0, 0, 0, 0
08, 3, 0, 0, 0, 0, 0, 0
08, 6, 0, 0, 0, 0, 0, 0
08, 9, 0, 0, 0, 0, 0, 0
08, 12, 0, 0, 0, 0, 0, 0
08, 15, 0, 0, 0, 0, 0, 0
10, 1, 0, 0, 0, 0, 0, 0
10, 3, 0, 0, 0, 0, 0, 0
10, 6, 0, 0, 0, 0, 0, 0
10, 9, 0, 0, 0, 0, 0, 0
10, 12, 0, 0, 0, 0, 0, 0
10, 15, 0, 0, 0, 0, 0, 0
05, 1, 0, 0, 0, 0, 0, 0
05, 3, 0, 0, 0, 0, 0, 0
05, 6, 0, 0, 0, 0, 0, 0
05, 9, 0, 0, 0, 0, 0, 0
05, 12, 0, 0, 0, 0, 0, 0
05, 15, 0, 0, 0, 0, 0, 0
09, 1, 0, 0, 0, 0, 0, 0
09, 3, 0, 0, 0, 0, 0, 0
09, 6, 0, 0, 0, 0, 0, 0
09, 9, 0, 0, 0, 0, 0, 0
09, 12, 0, 0, 0, 0, 0, 0
09, 15, 0, 0, 0, 0, 0, 0
