03, 1, 1, 1, 9, 3, 2, 6
03, 3, 6, 6, 7, 6, 3, 6
03, 6, 7, 7, 4, 5, 3, 6
03, 9, 7, 7, 4, 7, 4, 6
03, 12, 8, 8, 3, 7, 2, 6
03, 15, 8, 8, 3, 7, 2, 6
07, 1, 3, 2, 9, 3, 2, 7
07, 3, 5, 5, 6, 7, 2, 7
07, 6, 7, 7, 4, 6, 1, 7
07, 9, 7, 7, 3, 7, 1, 7
07, 12, 7, 7, 4, 7, 2, 7
07, 15, 7, 7, 4, 7, 2, 7
08, 1, 2, 2, 9, 2, 3, 3
08, 3, 3, 3, 8, 3, 4, 3
08, 6, 5, 4, 7, 7, 3, 3
08, 9, 6, 6, 4, 6, 2, 3
08, 12, 5, 5, 7, 7, 2, 3
08, 15, 6, 6, 4, 6, 2, 3
10, 1, 1, 1, 9, 3, 2, 4
10, 3, 4, 4, 7, 4, 2, 4
10, 6, 6, 6, 5, 4, 2, 4
10, 9, 7, 7, 6, 4, 2, 4
10, 12, 5, 5, 5, 3, 2, 4
10, 15, 5, 5, 5, 4, 2, 4
05, 1, 2, 2, 8, 4, 2, 3
05, 3, 3, 3, 8, 5, 2, 3
05, 6, 6, 6, 5, 4, 2, 3
05, 9, 8, 8, 3, 6, 2, 3
05, 12, 8, 8, 5, 6, 1, 3
05, 15, 8, 8, 3, 6, 2, 3
09, 1, 3, 3, 7, 4, 2, 5
09, 3, 6, 6, 4, 6, 2, 5
09, 6, 7, 7, 4, 7, 2, 5
09, 9, 7, 7, 6, 8, 2, 5
09, 12, 6, 6, 4, 7, 2, 5
09, 15, 6, 6, 4, 7, 2, 5
