03, 1, 1, 1, 9, 1, 1, 7
03, 3, 2, 2, 9, 1, 1, 7
03, 6, 5, 5, 5, 6, 1, 7
03, 9, 6, 5, 5, 5, 1, 7
03, 12, 6, 6, 3, 7, 1, 7
03, 15, 7, 6, 3, 7, 1, 7
07, 1, 1, 2, 9, 1, 1, 7
07, 3, 4, 4, 5, 5, 1, 7
07, 6, 6, 5, 2, 7, 1, 7
07, 9, 6, 5, 1, 6, 1, 7
07, 12, 6, 6, 2, 6, 1, 7
07, 15, 5, 5, 2, 5, 1, 7
08, 1, 1, 1, 9, 1, 1, 5
08, 3, 2, 3, 8, 3, 1, 5
08, 6, 3, 5, 6, 5, 1, 5
08, 9, 5, 5, 4, 7, 1, 5
08, 12, 5, 5, 6, 4, 1, 5
08, 15, 5, 5, 4, 6, 1, 5
10, 1, 2, 2, 9, 1, 1, 7
10, 3, 4, 4, 6, 4, 1, 7
10, 6, 5, 5, 4, 6, 1, 7
10, 9, 6, 6, 3, 8, 1, 7
10, 12, 6, 6, 2, 7, 1, 7
10, 15, 6, 7, 1, 7, 1, 7
05, 1, 2, 2, 8, 2, 1, 5
05, 3, 2, 3, 8, 2, 1, 5
05, 6, 5, 5, 4, 6, 1, 5
05, 9, 5, 5, 3, 4, 1, 5
05, 12, 7, 7, 2, 7, 1, 5
05, 15, 6, 7, 1, 6, 1, 5
09, 1, 3, 2, 8, 5, 1, 6
09, 3, 6, 7, 3, 6, 1, 6
09, 6, 7, 8, 1, 7, 1, 6
09, 9, 7, 8, 1, 7, 1, 6
09, 12, 8, 8, 1, 7, 1, 6
09, 15, 8, 8, 1, 7, 1, 6
