03, 1, 2, 2, 8, 1, 1, 9
03, 3, 4, 3, 8, 4, 2, 9
03, 6, 7, 7, 5, 6, 3, 9
03, 9, 7, 6, 3, 7, 2, 9
03, 12, 7, 7, 2, 7, 3, 9
03, 15, 8, 7, 3, 7, 3, 9
07, 1, 1, 1, 9, 1, 1, 6
07, 3, 7, 7, 1, 3, 3, 6
07, 6, 7, 7, 1, 6, 1, 6
07, 9, 6, 7, 2, 7, 2, 6
07, 12, 6, 5, 3, 6, 1, 6
07, 15, 7, 7, 2, 7, 1, 6
08, 1, 1, 1, 9, 2, 1, 3
08, 3, 3, 3, 7, 3, 1, 3
08, 6, 3, 3, 8, 3, 4, 3
08, 9, 4, 4, 6, 6, 2, 3
08, 12, 7, 7, 2, 4, 2, 3
08, 15, 6, 6, 3, 6, 2, 3
10, 1, 1, 1, 9, 1, 1, 5
10, 3, 4, 4, 5, 2, 2, 5
10, 6, 6, 6, 2, 6, 1, 5
10, 9, 6, 6, 2, 7, 1, 5
10, 12, 6, 7, 2, 6, 2, 5
10, 15, 6, 6, 1, 5, 1, 5
05, 1, 2, 2, 8, 2, 1, 3
05, 3, 3, 3, 7, 3, 1, 3
05, 6, 7, 6, 6, 6, 2, 3
05, 9, 6, 6, 3, 6, 2, 3
05, 12, 6, 6, 3, 4, 1, 3
05, 15, 7, 7, 2, 5, 1, 3
09, 1, 2, 2, 8, 2, 1, 6
09, 3, 6, 6, 4, 7, 1, 6
09, 6, 7, 7, 2, 6, 2, 6
09, 9, 7, 6, 3, 7, 1, 6
09, 12, 8, 8, 1, 7, 1, 6
09, 15, 8, 8, 1, 8, 1, 6
