03, 1, 4, 2, 6, 5, 6, 8
03, 3, 6, 4, 6, 7, 5, 8
03, 6, 6, 5, 6, 7, 5, 8
03, 9, 6, 5, 6, 6, 5, 8
03, 12, 6, 5, 5, 7, 3, 8
03, 15, 7, 6, 6, 7, 3, 8
07, 1, 4, 3, 7, 2, 2, 7
07, 3, 7, 7, 4, 7, 2, 7
07, 6, 6, 6, 6, 7, 1, 7
07, 9, 7, 6, 6, 6, 2, 7
07, 12, 7, 6, 6, 6, 1, 7
07, 15, 7, 6, 5, 6, 1, 7
08, 1, 3, 3, 7, 5, 6, 5
08, 3, 4, 4, 6, 4, 4, 5
08, 6, 5, 4, 3, 3, 6, 5
08, 9, 4, 4, 7, 7, 5, 5
08, 12, 6, 4, 5, 4, 5, 5
08, 15, 4, 3, 8, 6, 6, 5
10, 1, 2, 2, 9, 1, 1, 7
10, 3, 5, 4, 7, 6, 2, 7
10, 6, 6, 5, 7, 6, 2, 7
10, 9, 6, 5, 7, 6, 2, 7
10, 12, 5, 5, 6, 6, 2, 7
10, 15, 7, 6, 6, 6, 1, 7
05, 1, 5, 3, 8, 4, 4, 8
05, 3, 5, 5, 6, 6, 2, 8
05, 6, 6, 5, 6, 6, 2, 8
05, 9, 7, 6, 6, 6, 4, 8
05, 12, 7, 7, 4, 7, 2, 8
05, 15, 7, 7, 6, 7, 4, 8
09, 1, 4, 3, 8, 4, 1, 4
09, 3, 5, 6, 6, 6, 1, 4
09, 6, 7, 6, 5, 6, 2, 4
09, 9, 6, 6, 6, 6, 1, 4
09, 12, 7, 6, 6, 6, 7, 4
09, 15, 6, 5, 5, 6, 1, 4
