03, 1, 2, 3, 9, 1, 1, 9
03, 3, 6, 4, 6, 5, 2, 9
03, 6, 6, 7, 7, 7, 4, 9
03, 9, 7, 8, 6, 7, 2, 9
03, 12, 7, 8, 2, 8, 5, 9
03, 15, 8, 8, 2, 9, 2, 9
07, 1, 2, 1, 8, 1, 1, 6
07, 3, 4, 5, 4, 7, 1, 6
07, 6, 7, 7, 2, 4, 1, 6
07, 9, 6, 7, 2, 5, 2, 6
07, 12, 8, 7, 2, 4, 1, 6
07, 15, 7, 8, 1, 4, 1, 6
08, 1, 1, 1, 9, 1, 1, 3
08, 3, 1, 2, 9, 1, 1, 3
08, 6, 3, 4, 7, 4, 2, 3
08, 9, 6, 5, 7, 3, 4, 3
08, 12, 7, 8, 3, 5, 4, 3
08, 15, 6, 7, 2, 4, 5, 3
10, 1, 1, 1, 9, 1, 1, 4
10, 3, 4, 5, 7, 5, 1, 4
10, 6, 5, 6, 5, 3, 1, 4
10, 9, 8, 8, 1, 6, 1, 4
10, 12, 6, 6, 3, 5, 1, 4
10, 15, 6, 6, 3, 6, 1, 4
05, 1, 2, 2, 9, 1, 1, 8
05, 3, 4, 6, 8, 7, 1, 8
05, 6, 6, 7, 6, 8, 1, 8
05, 9, 7, 7, 3, 8, 1, 8
05, 12, 8, 8, 1, 8, 1, 8
05, 15, 8, 9, 3, 8, 1, 8
09, 1, 2, 3, 8, 2, 1, 8
09, 3, 7, 7, 2, 6, 1, 8
09, 6, 9, 8, 1, 7, 1, 8
09, 9, 8, 8, 2, 7, 1, 8
09, 12, 7, 8, 1, 7, 1, 8
09, 15, 8, 9, 1, 8, 1, 8
