03, 1, 1, 1, 9, 1, 1, 9
03, 3, 3, 2, 8, 7, 5, 9
03, 6, 8, 6, 5, 8, 3, 9
03, 9, 8, 4, 7, 9, 7, 9
03, 12, 7, 5, 7, 6, 4, 9
03, 15, 8, 8, 1, 9, 6, 9
07, 1, 1, 1, 9, 1, 1, 3
07, 3, 5, 3, 5, 4, 2, 3
07, 6, 6, 4, 3, 3, 1, 3
07, 9, 7, 6, 2, 4, 1, 3
07, 12, 8, 7, 2, 4, 1, 3
07, 15, 7, 7, 1, 5, 2, 3
08, 1, 1, 1, 9, 1, 8, 2
08, 3, 1, 1, 8, 2, 8, 2
08, 6, 2, 1, 8, 2, 7, 2
08, 9, 5, 4, 7, 7, 7, 2
08, 12, 3, 4, 7, 4, 8, 2
08, 15, 3, 4, 7, 8, 7, 2
10, 1, 1, 1, 9, 1, 3, 3
10, 3, 2, 2, 9, 2, 1, 3
10, 6, 5, 4, 7, 4, 2, 3
10, 9, 6, 4, 6, 4, 1, 3
10, 12, 7, 5, 3, 5, 1, 3
10, 15, 8, 7, 2, 4, 2, 3
05, 1, 2, 2, 9, 2, 6, 4
05, 3, 4, 4, 7, 3, 2, 4
05, 6, 8, 5, 6, 6, 4, 4
05, 9, 5, 4, 3, 6, 4, 4
05, 12, 7, 7, 2, 5, 3, 4
05, 15, 5, 5, 5, 7, 8, 4
09, 1, 2, 2, 9, 3, 3, 2
09, 3, 7, 7, 8, 2, 1, 2
09, 6, 8, 8, 1, 7, 1, 2
09, 9, 8, 8, 1, 8, 1, 2
09, 12, 7, 7, 2, 7, 1, 2
09, 15, 7, 7, 2, 8, 2, 2
