03, 1, 2, 1, 9, 1, 4, 3
03, 3, 3, 2, 9, 4, 5, 3
03, 6, 3, 4, 7, 5, 6, 3
03, 9, 4, 4, 5, 5, 6, 3
03, 12, 5, 6, 2, 6, 4, 3
03, 15, 5, 6, 1, 7, 6, 3
07, 1, 2, 2, 8, 1, 2, 8
07, 3, 5, 6, 2, 7, 2, 8
07, 6, 6, 6, 1, 6, 2, 8
07, 9, 6, 6, 1, 5, 2, 8
07, 12, 6, 5, 1, 4, 2, 8
07, 15, 7, 6, 1, 6, 2, 8
08, 1, 2, 1, 9, 1, 4, 4
08, 3, 2, 3, 9, 3, 5, 4
08, 6, 3, 4, 7, 3, 4, 4
08, 9, 4, 6, 3, 5, 7, 4
08, 12, 3, 5, 2, 3, 3, 4
08, 15, 6, 5, 2, 3, 4, 4
10, 1, 2, 1, 9, 1, 4, 8
10, 3, 5, 4, 8, 7, 2, 8
10, 6, 4, 4, 3, 4, 2, 8
10, 9, 6, 6, 1, 4, 2, 8
10, 12, 7, 7, 1, 6, 2, 8
10, 15, 6, 6, 1, 6, 2, 8
05, 1, 2, 1, 8, 2, 3, 5
05, 3, 4, 5, 7, 2, 3, 5
05, 6, 4, 5, 4, 4, 3, 5
05, 9, 6, 7, 1, 5, 6, 5
05, 12, 5, 4, 1, 5, 2, 5
05, 15, 7, 7, 3, 4, 4, 5
09, 1, 3, 2, 9, 1, 4, 7
09, 3, 5, 5, 1, 4, 1, 7
09, 6, 8, 7, 1, 7, 1, 7
09, 9, 8, 7, 1, 8, 1, 7
09, 12, 7, 7, 1, 7, 1, 7
09, 15, 7, 7, 1, 6, 2, 7
